0 0.7118226600985221 0.7758620689655173 0.04761904761904759 0.021346469622331766
0 0.6050903119868637 0.45566502463054187 0.018062397372742182 0.011494252873563227
0 0.8850574712643678 0.48604269293924474 0.022988505747126454 0.00985221674876847
0 0.7766210803410556 0.3522153416313817 0.010064817240067896 0.004180770238181992
0 0.9905659758760003 0.44288336182305116 0.01710990699464986 0.011845320227065272
0 0.8965592733120894 0.33440240963093415 0.010598849449813059 0.0050690149542584355
0 0.38251197319205404 0.38443698616661737 0.013798139769291708 0.006324147394258617
0 0.4969215487790973 0.3565532453828405 0.0149479847500659 0.009198759846194449
0 0.35865268984098725 0.3395930319164195 0.010923527317355877 0.006324147394258617
0 0.45236505577409303 0.2858377790652208 0.006324147394258759 0.004599379923097153
0 0.5719489337746206 0.28842493027196303 0.008623837355807353 0.00517430241348439
